000011 710.48 71.16 8.90 42.99
000011 710.48 71.16 8.90 42.99
000011 322.17 228.76 30.76 12.43
000011 713.87 137.08 9.39 40.71
000011 715.67 127.85 9.66 39.60
000011 312.58 277.98 33.54 11.40
000011 722.84 96.25 9.32 41.03
000011 723.24 27.19 9.64 39.68
000011 726.66 99.70 9.43 40.54
000011 301.77 148.24 18.82 20.32
000011 301.77 148.24 18.82 20.32
000011 733.10 134.22 10.10 37.88
000011 737.72 50.14 9.45 40.47
000011 738.20 61.57 9.87 38.76
000011 738.20 61.57 9.87 38.76
000011 738.68 130.13 10.05 38.07
000011 738.68 130.13 10.05 38.07
000011 741.98 50.52 9.90 38.62
000011 294.58 147.13 18.34 20.85
000011 611.36 205.52 15.00 25.50
000011 742.85 98.26 9.85 38.84
000011 742.85 98.26 9.85 38.84
000011 749.33 59.00 10.00 38.23
000011 754.01 36.54 10.15 37.69
000011 755.68 47.08 9.85 38.85
000011 605.39 193.02 15.95 23.98
000011 761.01 47.01 10.17 37.60
000011 761.88 35.19 10.16 37.63
000011 764.59 241.46 23.80 16.07
000011 764.59 241.46 23.80 16.07
000011 764.92 56.14 10.26 37.27
000011 764.92 56.14 10.26 37.27
000011 765.56 43.64 10.05 38.06
000011 766.28 49.77 10.12 37.79
000011 589.37 192.36 15.47 24.72
000011 785.01 194.61 18.64 20.52
000011 912.06 56.53 28.05 13.64
000011 438.34 118.78 15.41 24.82
000011 912.06 56.53 28.05 13.64
000011 439.06 19.99 8.50 44.97
000011 71.55 156.19 15.09 25.34
000011 907.38 244.37 27.36 13.98
000011 902.70 97.39 27.07 14.13
000011 795.22 31.87 17.35 22.04
000011 796.18 50.96 17.33 22.06
000011 796.18 50.96 17.33 22.06
000011 797.76 92.06 17.63 21.69
000011 797.76 92.06 17.63 21.69
000011 79.71 155.00 15.32 24.96
000011 209.50 154.87 18.29 20.90
000011 208.16 294.20 43.77 8.74
000011 208.16 294.20 43.77 8.74
000011 812.97 46.71 19.40 19.72
000011 833.03 45.89 21.14 18.09
000011 833.18 54.30 21.10 18.13
000011 854.03 25.47 22.52 16.99
000011 852.35 222.84 21.79 17.55
000011 843.42 41.75 21.61 17.70
000011 843.42 41.75 21.61 17.70
000011 658.84 26.83 5.27 72.61
000011 658.84 26.83 5.27 72.61
000011 378.39 144.47 16.63 23.00
000011 664.92 216.67 31.93 11.98
000011 670.63 54.00 5.79 66.01
000011 680.02 89.38 7.39 51.77
000011 680.02 89.38 7.39 51.77
000011 682.02 43.21 6.92 55.24
000011 728.43 54.42 9.51 40.21
000011 751.00 51.81 9.83 38.92
000011 844.22 60.78 22.64 16.89
000011 847.02 237.67 22.88 16.72
000011 716.72 142.25 9.09 42.06
000011 717.47 146.02 8.94 42.79
000011 667.78 43.69 5.66 67.56
000011 718.36 45.37 9.26 41.30
000011 718.36 45.37 9.26 41.30
000011 317.37 289.84 37.10 10.31
000011 668.33 251.12 30.34 12.60
000011 678.07 47.66 6.57 58.19
000011 683.04 93.52 7.37 51.90
000011 752.91 46.61 9.87 38.74
000011 602.33 192.87 15.86 24.11
000011 237.44 303.53 41.34 9.25
000011 598.63 206.16 15.95 23.98
000011 311.15 149.01 18.95 20.18
000011 253.06 289.94 39.22 9.75
000011 253.06 289.94 39.22 9.75
000011 815.03 38.92 19.20 19.92
000011 817.43 70.18 19.28 19.84
000011 434.14 18.99 8.24 46.40
000011 817.43 70.18 19.28 19.84
000011 229.89 303.44 41.57 9.20
000011 723.13 44.64 9.49 40.30
000011 723.13 44.64 9.49 40.30
000011 434.78 18.61 8.36 45.73
000011 756.32 112.33 18.94 20.19
000011 725.43 53.16 9.53 40.13
000011 223.20 293.26 38.93 9.82
000011 1009.78 27.56 36.48 10.48
000011 728.43 54.42 9.51 40.21
000011 739.39 38.94 9.74 39.28
000011 428.97 5.31 8.05 47.52
000011 509.73 13.11 7.84 48.78
000011 545.91 12.80 5.59 68.38
000011 828.67 29.01 20.33 18.81
000011 853.98 51.27 22.27 17.18
000011 260.15 296.04 39.86 9.59
000011 832.96 61.43 21.11 18.12
000011 551.17 33.21 5.24 72.97
000011 900.57 236.70 26.43 14.47
000011 440.53 120.33 15.69 24.38
000011 801.02 69.05 18.49 20.68
000011 727.01 156.09 9.11 41.97
000011 683.19 85.90 7.11 53.79
000011 669.53 75.21 5.65 67.70
000011 665.01 229.28 30.86 12.39
000011 716.14 132.86 9.86 38.79
000011 847.30 32.25 22.11 17.30
000011 545.64 26.23 5.25 72.83
000011 830.56 196.78 22.45 17.03
000011 805.99 54.87 18.36 20.83
000011 711.80 49.07 9.28 41.22
000011 829.50 196.67 21.40 17.87
000012 1009.20 197.30 22.23 17.29
000012 1004.44 79.94 20.52 18.73
000012 845.78 41.46 9.38 40.96
000012 845.23 100.01 9.40 40.91
000012 844.87 71.82 9.45 40.68
000012 1000.02 207.72 21.75 17.67
000012 1150.51 98.98 30.50 12.60
000012 844.16 247.72 26.30 14.61
000012 1108.20 143.73 28.77 13.36
000012 1104.39 117.89 28.60 13.44
000012 995.74 62.01 20.82 18.46
000012 1075.61 69.54 27.57 13.94
000012 1070.03 232.68 28.76 13.36
000012 1070.03 232.68 28.76 13.36
000012 1069.16 29.36 26.75 14.37
000012 1069.16 29.36 26.75 14.37
000012 1068.91 225.50 29.08 13.22
000012 1068.91 225.50 29.08 13.22
000012 1068.52 219.83 27.98 13.74
000012 1067.17 40.30 26.08 14.74
000012 1061.91 223.90 28.10 13.68
000012 1061.91 223.90 28.10 13.68
000012 988.96 186.45 20.49 18.76
000012 988.87 60.51 19.25 19.97
000012 988.83 86.55 20.77 18.51
000012 985.80 132.11 19.92 19.30
000012 1050.32 65.57 26.70 14.40
000012 1050.32 65.57 26.70 14.40
000012 1046.59 52.65 25.70 14.96
000012 1041.58 72.13 24.14 15.92
000012 1041.36 254.54 30.55 12.58
000012 1033.33 69.31 23.85 16.11
000012 1029.99 61.52 23.40 16.43
000012 981.99 120.81 19.73 19.49
000012 1029.99 61.52 23.40 16.43
000012 1021.83 254.18 30.11 12.77
000012 1020.78 94.36 26.80 14.34
000012 1017.49 91.98 26.93 14.27
000012 1012.07 26.14 21.45 17.92
000012 897.06 148.16 13.44 28.60
000012 896.70 173.06 13.23 29.06
000012 898.84 141.09 13.35 28.78
000012 545.07 15.50 5.36 71.77
000012 890.20 117.41 15.29 25.14
000012 839.08 25.03 8.99 42.76
000012 545.93 7.46 5.58 68.87
000012 545.93 7.46 5.58 68.87
000012 837.58 5.61 9.18 41.86
000012 548.79 15.88 5.43 70.84
000012 551.74 38.48 5.72 67.19
000012 554.53 35.19 5.65 68.00
000012 554.53 35.19 5.65 68.00
000012 836.66 15.85 9.07 42.37
000012 556.62 38.70 5.70 67.43
000012 556.62 38.70 5.70 67.43
000012 904.06 167.14 14.45 26.61
000012 881.45 95.35 11.74 32.75
000012 1012.07 26.14 21.45 17.92
000012 976.83 145.41 19.56 19.65
000012 976.83 145.41 19.56 19.65
000012 565.28 63.38 5.31 72.43
000012 573.48 50.73 5.02 76.60
000012 573.48 50.73 5.02 76.60
000012 819.89 138.28 9.57 40.18
000012 867.01 64.78 10.97 35.04
000012 591.90 187.02 6.55 58.70
000012 866.97 77.66 10.67 36.02
000012 969.70 240.48 38.98 9.86
000012 864.29 58.93 11.05 34.78
000012 612.85 137.51 5.28 72.81
000012 833.18 79.91 8.34 46.11
000012 863.90 59.21 10.67 36.03
000012 862.55 3.52 10.43 36.85
000012 862.55 3.52 10.43 36.85
000012 862.50 73.14 10.57 36.37
000012 859.46 68.50 10.71 35.89
000012 620.58 187.71 6.03 63.76
000012 857.24 15.84 9.99 38.48
000012 934.29 171.03 16.74 22.95
000012 915.87 166.57 15.60 24.64
000012 968.11 237.56 39.15 9.82
000012 855.27 116.40 10.78 35.65
000012 934.16 152.10 16.61 23.14
000012 967.74 248.66 38.53 9.98
000012 853.78 12.10 10.00 38.43
000012 853.74 78.30 10.06 38.21
000012 852.54 19.27 9.66 39.79
000012 965.39 244.65 37.93 10.13
000012 640.46 162.15 5.95 64.62
000012 965.39 244.65 37.93 10.13
000012 934.12 159.92 17.01 22.59
000012 764.77 210.83 18.25 21.07
000012 764.77 210.83 18.25 21.07
000012 850.37 74.00 9.71 39.59
000012 650.29 238.74 21.02 18.28
000012 850.11 201.25 21.27 18.07
000012 846.51 12.05 9.22 41.68
000012 846.14 241.74 25.71 14.95
000012 845.90 83.12 9.46 40.65
000012 811.19 140.47 8.96 42.91
000012 805.51 166.76 22.96 16.74
000012 802.14 31.83 5.75 66.89
000012 801.08 82.40 4.99 77.01
000012 815.92 49.09 7.38 52.06
000012 792.30 202.57 22.49 17.09
000012 947.07 62.41 16.99 22.62
000012 947.07 62.41 16.99 22.62
000012 787.74 124.01 -0.36 -1063.42
000012 1004.85 194.66 21.71 17.70
000012 1001.07 190.55 20.75 18.52
000012 1140.76 154.27 30.91 12.43
000012 862.59 95.10 10.75 35.76
000012 998.09 197.65 21.18 18.15
000012 996.78 183.19 20.61 18.65
000012 993.68 195.42 21.04 18.27
000012 1105.76 125.13 29.04 13.24
000012 1103.32 137.30 29.20 13.16
000012 1102.99 136.93 28.88 13.31
000012 856.19 242.90 26.07 14.75
000012 866.84 52.80 11.01 34.93
000012 1097.64 235.30 31.01 12.40
000012 849.94 44.98 9.67 39.77
000012 848.92 86.76 9.45 40.66
000012 1078.96 19.53 27.43 14.02
000012 919.64 184.97 15.21 25.27
000012 1075.03 240.42 29.20 13.16
000012 1075.03 240.42 29.20 13.16
000012 541.95 22.48 5.18 74.15
000012 839.14 83.91 9.21 41.75
000012 839.14 83.91 9.21 41.75
000012 558.09 57.89 5.39 71.32
000012 811.93 184.84 22.93 16.77
000012 972.87 150.95 18.91 20.33
000012 1062.86 228.42 28.24 13.61
000012 681.59 189.26 5.70 67.42
000012 969.94 93.01 19.00 20.23
000012 1059.68 39.70 25.74 14.93
000012 1049.50 220.29 27.37 14.05
000012 1049.50 220.29 27.37 14.05
000012 1048.70 214.98 27.42 14.02
000012 831.87 86.42 8.83 43.51
000012 803.15 217.51 22.71 16.93
000012 1040.94 238.30 25.97 14.80
000012 802.17 163.96 22.40 17.16
000012 1034.63 24.48 23.41 16.42
000012 1031.91 64.09 23.59 16.30
000012 882.34 247.84 25.94 14.82
000012 826.14 90.56 8.12 47.36
000012 1026.72 59.39 23.07 16.66
000012 1025.76 74.00 23.03 16.69
000012 825.88 236.65 23.87 16.10
000012 948.20 220.50 36.39 10.56
000012 891.39 167.60 12.80 30.02
000012 900.62 111.18 15.75 24.41
000012 897.65 37.52 13.44 28.60
000012 893.99 247.83 26.35 14.59
000012 713.44 193.25 10.50 36.62
000012 1030.10 99.95 27.23 14.11
000012 801.12 203.33 22.44 17.13
000012 692.24 222.56 16.71 23.00
000012 958.08 18.97 17.69 21.73
000012 807.94 63.59 5.96 64.47
000012 814.49 243.64 24.46 15.72
000012 1065.83 17.27 26.45 14.53
000012 1066.38 233.60 28.43 13.52
000012 1074.88 218.94 29.04 13.24
000012 908.89 257.65 28.96 13.27
000012 1111.22 260.66 32.64 11.78
000012 1027.08 70.01 22.71 16.93
000012 962.58 4.45 18.10 21.24
000012 847.17 65.88 10.29 37.35
000012 1057.50 258.32 31.41 12.24
000012 644.44 169.67 5.89 65.30
000013 656.03 69.97 7.70 49.18
000013 717.57 64.65 7.46 50.79
000013 714.97 36.56 7.73 48.98
000013 709.35 34.34 7.55 50.20
000013 709.35 34.34 7.55 50.20
000013 706.47 60.12 7.50 50.48
000013 702.75 222.02 44.42 8.53
000013 670.65 54.04 7.59 49.88
000013 771.65 20.07 9.09 41.67
000013 690.14 64.64 7.46 50.78
000013 689.64 33.59 7.63 49.64
000013 668.77 297.05 44.95 8.43
000013 487.07 181.28 11.61 32.63
000013 688.48 43.75 7.81 48.50
000013 664.55 59.41 7.99 47.40
000013 662.39 223.72 43.95 8.62
000013 661.81 68.82 7.38 51.31
000013 682.29 170.48 43.89 8.63
000013 321.11 158.87 17.26 21.95
000013 321.11 158.87 17.26 21.95
000013 658.59 196.83 44.70 8.47
000013 658.44 272.56 43.25 8.76
000013 679.84 166.59 43.34 8.74
000013 658.44 272.56 43.25 8.76
000013 679.59 44.86 7.44 50.90
000013 679.12 53.87 7.82 48.47
000013 513.00 179.24 11.78 32.15
000013 673.64 255.15 44.68 8.48
000013 650.73 165.45 44.33 8.54
000013 387.70 288.81 44.13 8.58
000013 648.45 264.37 42.07 9.00
000013 647.94 278.00 41.40 9.15
000013 647.94 278.00 41.40 9.15
000013 647.62 304.80 46.31 8.18
000013 507.55 178.05 11.82 32.04
000013 508.22 178.19 12.49 30.34
000013 447.41 274.95 40.03 9.46
000013 447.41 274.95 40.03 9.46
000013 546.21 177.13 11.97 31.66
000013 1087.22 135.92 16.63 22.77
000013 1007.77 135.98 18.06 20.98
000013 859.96 266.49 39.82 9.51
000013 859.96 266.49 39.82 9.51
000013 840.10 178.77 38.70 9.79
000013 632.60 107.60 8.27 45.82
000013 832.16 243.39 38.95 9.73
000013 811.39 259.72 37.54 10.09
000013 809.16 270.23 38.93 9.73
000013 808.32 252.07 37.86 10.00
000013 799.98 272.05 38.16 9.93
000013 799.98 272.05 38.16 9.93
000013 628.85 217.48 41.85 9.05
000013 777.08 22.62 9.41 40.25
000013 777.08 22.62 9.41 40.25
000013 771.01 3.67 9.14 41.42
000013 771.01 3.67 9.14 41.42
000013 770.90 240.95 41.77 9.07
000013 769.09 8.32 9.14 41.43
000013 744.40 280.96 43.66 8.68
000013 744.40 280.96 43.66 8.68
000013 621.86 298.08 45.48 8.33
000013 738.53 287.24 43.89 8.63
000013 621.86 298.08 45.48 8.33
000013 738.53 287.24 43.89 8.63
000013 736.87 291.65 44.06 8.60
000013 735.13 183.28 44.29 8.55
000013 732.90 275.55 43.50 8.71
000013 732.90 275.55 43.50 8.71
000013 726.08 261.14 43.50 8.71
000013 726.08 261.14 43.50 8.71
000013 726.03 275.73 43.22 8.76
000013 726.03 275.73 43.22 8.76
000013 723.22 232.05 43.73 8.66
000013 723.22 232.05 43.73 8.66
000013 695.97 45.95 7.61 49.75
000013 693.33 32.72 7.65 49.49
000013 692.56 39.22 7.69 49.24
000013 670.96 50.44 7.65 49.51
000013 690.57 36.15 7.64 49.57
000013 690.29 48.34 7.72 49.09
000013 688.82 46.25 7.81 48.50
000013 667.71 83.71 7.21 52.50
000013 844.29 269.54 39.27 9.65
000013 666.06 74.76 7.38 51.33
000013 817.94 264.92 37.74 10.04
000013 681.82 74.96 7.92 47.81
000013 805.46 333.80 55.17 6.87
000013 630.26 313.48 49.54 7.65
000013 563.52 312.43 49.66 7.63
000013 627.82 91.27 8.78 43.13
000013 675.37 161.00 43.73 8.66
000013 654.90 86.94 6.96 54.44
000013 653.38 274.09 41.90 9.04
000013 627.30 81.72 7.90 47.97
000013 673.79 68.26 7.77 48.77
000013 651.52 207.11 43.38 8.73
000013 773.91 12.34 9.12 41.54
000013 743.23 180.12 43.53 8.70
000013 729.66 254.01 43.65 8.68
000013 729.39 155.01 44.33 8.55
000013 195.74 231.39 84.81 4.47
000013 722.96 280.39 43.02 8.80
000013 643.30 280.81 41.48 9.13
000013 713.74 284.33 43.35 8.74
000013 713.05 59.96 7.44 50.88
000013 710.46 47.40 7.62 49.68
000013 351.48 280.37 43.28 8.75
000013 365.30 285.98 43.75 8.66
000013 708.78 285.85 43.20 8.77
000013 284.61 293.89 46.52 8.14
000013 505.43 180.97 11.96 31.66
000013 334.49 280.94 41.28 9.18
000013 493.63 182.02 12.13 31.24
000013 318.14 155.18 17.35 21.83
000013 360.36 285.68 42.83 8.84
000013 478.89 256.23 35.22 10.76
000013 640.88 102.09 7.60 49.82
000013 667.66 165.99 44.66 8.48
000013 839.00 187.44 38.85 9.75
000013 839.00 187.44 38.85 9.75
000013 667.13 50.61 7.55 50.16
000013 665.83 311.79 48.48 7.81
000013 711.30 30.93 7.63 49.66
000013 597.16 354.10 60.76 6.23
000013 597.29 354.12 60.89 6.22
000013 682.61 148.76 -0.00 -124122.31
000013 629.59 283.55 41.71 9.08
000013 783.69 33.65 9.07 41.78
000013 395.23 290.69 44.03 8.60
000014 411.89 124.68 19.74 19.19
000014 492.14 36.80 14.13 26.82
000014 332.89 141.42 21.57 17.56
000014 333.51 108.95 21.02 18.02
000014 401.91 7.34 22.12 17.12
000014 279.64 189.99 21.68 17.47
000014 279.51 171.95 22.27 17.01
000014 506.87 211.12 13.74 27.57
000014 396.91 6.52 22.19 17.07
000014 511.00 183.02 7.88 48.08
000014 394.30 10.15 22.25 17.02
000014 336.90 189.59 21.60 17.54
000014 618.98 293.55 39.38 9.62
000014 272.38 123.33 23.56 16.08
000014 339.82 193.00 21.51 17.61
000014 391.38 226.37 19.26 19.67
000014 272.38 123.33 23.56 16.08
000014 270.64 20.42 22.94 16.51
000014 343.57 227.78 20.00 18.94
000014 270.64 20.42 22.94 16.51
000014 385.21 224.97 20.33 18.63
000014 24.67 85.93 17.72 21.38
000014 384.14 132.84 21.11 17.94
000014 623.31 225.71 17.08 22.17
000014 343.76 112.13 20.88 18.14
000014 343.79 172.16 20.83 18.19
000014 344.05 165.69 21.07 17.98
000014 344.91 11.08 23.56 16.08
000014 382.24 204.26 19.88 19.05
000014 624.38 305.18 42.54 8.90
000014 348.02 167.22 20.91 18.11
000014 32.88 92.63 17.44 21.72
000014 348.02 167.22 20.91 18.11
000014 378.73 218.68 19.77 19.16
000014 264.45 167.09 22.01 17.21
000014 348.34 208.09 21.14 17.92
000014 531.75 176.75 11.21 33.79
000014 376.38 49.16 21.27 17.81
000014 254.38 219.84 15.09 25.10
000014 260.98 200.48 21.71 17.45
000014 375.65 208.60 20.42 18.55
000014 350.23 156.50 20.88 18.14
000014 350.70 37.39 23.55 16.08
000014 38.79 98.06 18.09 20.94
000014 373.49 194.73 19.80 19.13
000014 372.56 126.38 20.96 18.07
000014 628.84 202.53 10.40 36.43
000014 548.29 206.45 12.51 30.28
000014 548.74 159.28 7.37 51.41
000014 46.30 24.61 18.06 20.97
000014 549.28 209.96 12.80 29.60
000014 368.85 124.69 20.57 18.42
000014 48.12 113.43 18.22 20.80
000014 368.85 124.69 20.57 18.42
000014 550.89 202.41 12.91 29.34
000014 251.93 132.41 22.33 16.97
000014 357.39 217.12 20.49 18.49
000014 50.97 104.62 18.39 20.60
000014 50.97 104.62 18.39 20.60
000014 248.34 129.80 22.41 16.91
000014 358.43 164.80 21.07 17.98
000014 245.36 18.39 23.94 15.82
000014 57.95 92.07 18.07 20.97
000014 573.93 176.19 11.49 32.95
000014 209.96 254.74 25.68 14.75
000014 366.42 14.87 21.07 17.98
000014 364.92 25.22 23.17 16.35
000014 604.58 293.59 39.57 9.57
000014 608.13 292.47 38.05 9.96
000014 65.82 129.81 18.59 20.38
000014 66.27 120.89 18.21 20.80
000014 208.51 264.86 28.87 13.12
000014 67.40 90.43 18.46 20.52
000014 68.03 134.09 18.44 20.54
000014 68.03 134.09 18.44 20.54
000014 669.73 318.34 46.90 8.08
000014 70.37 126.67 18.47 20.51
000014 665.57 241.10 23.49 16.12
000014 1173.06 309.15 65.21 5.81
000014 671.72 40.50 8.55 44.30
000014 170.15 302.05 41.32 9.17
000014 675.20 293.89 40.42 9.37
000014 677.88 316.63 47.34 8.00
000014 677.88 316.63 47.34 8.00
000014 678.92 328.55 50.67 7.48
000014 75.74 102.24 18.03 21.01
000014 1168.94 295.35 65.09 5.82
000014 76.05 102.29 18.34 20.66
000014 77.42 190.85 53.04 7.14
000014 637.74 223.58 17.47 21.68
000014 166.14 298.05 40.86 9.27
000014 79.89 184.96 52.87 7.17
000014 79.89 184.96 52.87 7.17
000014 683.86 318.42 47.44 7.99
000014 684.02 196.04 12.29 30.83
000014 1163.18 320.77 65.49 5.78
000014 1161.84 295.25 65.07 5.82
000014 1161.84 295.25 65.07 5.82
000014 688.22 193.44 12.12 31.25
000014 1159.00 314.21 65.02 5.83
000014 1155.34 292.21 65.17 5.81
000014 1155.08 305.14 65.01 5.83
000014 1155.08 305.14 65.01 5.83
000014 1149.26 297.66 65.34 5.80
000014 1145.93 302.81 65.26 5.80
000014 689.21 187.64 12.02 31.51
000014 689.34 153.93 12.10 31.31
000014 161.22 304.82 43.52 8.70
000014 638.47 118.10 8.55 44.29
000014 689.34 153.93 12.10 31.31
000014 660.94 222.15 17.20 22.03
000014 690.12 179.12 12.07 31.38
000014 87.08 358.71 61.62 6.15
000014 692.82 200.59 12.13 31.22
000014 692.92 191.95 12.08 31.37
000014 692.97 341.16 54.86 6.90
000014 693.34 172.05 12.05 31.43
000014 693.63 187.07 11.99 31.59
000014 693.70 183.65 12.07 31.39
000014 693.78 176.07 11.83 32.01
000014 91.20 54.22 15.70 24.12
000014 695.64 167.36 12.11 31.27
000014 93.38 304.30 51.96 7.29
000014 696.21 163.00 11.90 31.84
000014 94.72 49.90 15.78 24.01
000014 95.51 330.74 50.60 7.49
000014 96.14 190.82 51.66 7.33
000014 97.04 95.84 16.59 22.83
000014 99.33 233.82 51.98 7.29
000014 641.33 65.61 8.72 43.44
000014 700.42 266.85 28.56 13.26
000014 99.79 211.68 51.35 7.38
000014 660.05 65.37 8.72 43.46
000014 201.77 283.39 36.17 10.47
000014 101.99 205.43 51.49 7.36
000014 646.22 296.85 40.58 9.33
000014 961.65 87.44 34.73 10.91
000014 659.17 297.38 40.55 9.34
000014 959.38 95.27 33.91 11.17
000014 955.94 332.42 56.98 6.65
000014 953.79 3.39 37.66 10.06
000014 727.88 297.20 40.63 9.32
000014 730.80 252.99 27.46 13.80
000014 735.35 296.37 40.98 9.24
000014 735.42 259.60 28.75 13.17
000014 742.47 329.03 52.51 7.21
000014 743.30 291.76 39.52 9.59
000014 116.85 104.02 17.27 21.94
000014 121.02 320.71 50.00 7.58
000014 888.70 292.92 42.76 8.86
000014 758.75 263.70 30.79 12.30
000014 122.88 112.93 16.08 23.56
000014 123.64 116.57 15.56 24.34
000014 762.81 300.06 42.50 8.91
000014 875.62 31.83 36.40 10.41
000014 875.62 31.83 36.40 10.41
000014 873.85 40.19 36.75 10.31
000014 873.85 40.19 36.75 10.31
000014 868.95 39.06 36.94 10.25
000014 126.59 102.44 17.00 22.28
000014 867.40 52.04 36.47 10.39
000014 844.85 285.26 39.79 9.52
000014 127.82 323.88 47.46 7.98
000014 654.70 243.58 23.79 15.92
000014 779.65 14.30 32.28 11.74
000014 485.03 59.40 13.43 28.21
000014 289.53 6.56 23.52 16.11
000014 482.46 38.92 13.99 27.09
000014 293.51 125.40 22.67 16.71
000014 294.80 178.09 22.62 16.75
000014 477.33 101.93 17.85 21.22
000014 477.33 101.93 17.85 21.22
000014 296.70 123.68 22.19 17.07
000014 477.33 101.93 17.85 21.22
000014 300.06 180.46 23.60 16.05
000014 476.11 111.99 18.64 20.33
000014 302.08 61.69 23.45 16.15
000014 303.17 139.26 23.17 16.35
000014 306.98 88.53 22.44 16.88
000014 308.83 67.85 23.13 16.38
000014 310.73 214.13 22.00 17.22
000014 310.91 122.49 22.57 16.79
000014 311.44 182.13 22.81 16.61
000014 312.96 86.53 20.80 18.21
000014 313.59 118.62 21.45 17.66
000014 440.98 45.00 21.62 17.52
000014 440.81 4.83 21.85 17.33
000014 422.93 19.44 21.46 17.65
000014 675.16 10.17 8.81 43.01
000014 275.92 166.73 21.53 17.60
000014 364.74 232.08 19.45 19.48
000014 624.33 113.72 8.53 44.43
000014 49.36 59.69 18.04 21.00
000014 688.72 149.18 12.00 31.58
000014 321.13 183.26 22.38 16.92
000014 701.01 293.15 40.59 9.33
000014 81.50 323.61 52.46 7.22
000014 104.00 54.31 15.52 24.40
000014 955.79 261.50 36.86 10.28
000014 943.42 124.10 32.65 11.60
000014 1171.19 303.36 64.95 5.83
000014 764.24 330.98 51.66 7.33
000014 287.01 171.28 22.75 16.65
000014 633.15 114.56 8.29 45.71
000014 349.85 165.08 21.04 18.00
000014 407.28 120.36 18.54 20.43
000014 402.93 214.48 19.65 19.27
000014 349.22 232.75 20.58 18.41
000014 333.01 107.31 20.94 18.09
000014 398.04 206.78 19.48 19.45
000014 405.56 4.77 21.63 17.51
000014 89.92 44.34 16.12 23.49
000014 260.45 178.17 20.83 18.18
000014 690.46 166.25 12.10 31.31
000014 223.84 252.14 25.76 14.71
000014 652.37 112.15 8.45 44.84
000014 349.49 71.23 20.85 18.17
000014 83.72 54.17 16.79 22.56
000014 1161.44 332.95 65.51 5.78
000014 612.12 41.25 8.09 46.85
000014 612.18 33.98 7.97 47.53
000014 356.68 174.02 20.95 18.08
000014 369.35 120.91 20.43 18.54
000014 629.89 109.95 7.71 49.16
000014 949.24 267.16 36.92 10.26
000014 573.03 48.77 7.44 50.93
000014 573.03 48.77 7.44 50.93
000014 488.73 62.39 13.92 27.20
000015 806.93 44.71 8.65 44.42
000015 806.93 44.71 8.65 44.42
000015 496.80 111.14 30.57 12.57
000015 492.71 118.15 27.99 13.73
000015 284.71 52.61 38.96 9.87
000015 476.23 90.66 34.39 11.18
000015 173.67 67.51 38.28 10.04
000015 289.39 105.28 39.30 9.78
000015 795.64 115.38 10.30 37.33
000015 795.64 115.38 10.30 37.33
000015 179.05 61.83 37.89 10.14
000015 794.90 47.81 8.22 46.76
000015 794.90 47.81 8.22 46.76
000015 460.28 121.13 36.94 10.40
000015 452.86 119.53 37.90 10.14
000015 452.86 119.53 37.90 10.14
000015 441.59 117.33 39.51 9.73
000015 441.59 117.33 39.51 9.73
000015 438.79 119.86 39.80 9.66
000015 438.22 116.17 40.20 9.56
000015 438.22 116.17 40.20 9.56
000015 694.01 58.74 8.54 45.03
000015 694.01 58.74 8.54 45.03
000015 694.01 58.74 8.54 45.03
000015 221.10 264.03 32.77 11.73
000015 778.78 45.70 5.94 64.68
000015 857.85 5.65 8.45 45.47
000015 717.56 164.09 4.85 79.20
000015 776.81 147.42 8.33 46.14
000015 723.16 167.91 5.47 70.30
000015 725.66 163.15 5.52 69.62
000015 390.93 237.17 29.58 12.99
000015 237.75 53.08 38.21 10.06
000015 243.52 53.06 38.68 9.94
000015 247.67 54.37 38.61 9.96
000015 247.67 54.37 38.61 9.96
000015 759.72 142.30 5.14 74.72
000015 259.40 106.06 38.82 9.90
000015 829.70 107.01 14.78 26.00
000015 143.74 37.68 37.34 10.29
000015 143.74 37.68 37.34 10.29
000015 264.23 49.16 39.05 9.84
000015 270.89 54.20 38.71 9.93
000015 529.93 216.86 16.94 22.69
000015 276.34 59.60 38.10 10.09
000015 158.62 57.39 37.74 10.18
000015 616.62 11.81 8.80 43.69
000015 279.56 105.90 39.08 9.84
000015 436.67 110.35 40.17 9.57
000015 200.54 51.25 38.16 10.07
000015 202.74 54.99 38.26 10.05
000015 206.64 52.56 38.09 10.09
000015 206.64 52.56 38.09 10.09
000015 225.53 50.66 38.41 10.01
000015 225.53 50.66 38.41 10.01
000015 422.90 232.47 27.24 14.11
000015 265.69 54.62 38.75 9.92
000015 266.44 63.33 38.66 9.94
000015 758.69 104.61 6.82 56.33
000015 101.05 93.19 33.01 11.64
000015 275.87 81.99 38.62 9.95
000015 275.87 81.99 38.62 9.95
000015 747.44 76.42 5.81 66.14
000015 614.12 40.72 7.89 48.70
000015 277.62 63.77 39.12 9.82
000015 617.88 99.35 9.32 41.26
000015 742.35 79.16 5.81 66.11
000015 625.21 195.48 9.49 40.51
000015 737.21 157.89 6.15 62.52
000015 496.29 48.42 29.38 13.08
000015 284.98 58.97 39.12 9.82
000015 798.60 130.37 10.06 38.19
000015 798.60 130.37 10.06 38.19
000015 798.58 109.36 10.54 36.46
000015 465.25 98.14 35.12 10.94
000015 291.91 46.47 38.80 9.91
000015 458.06 93.76 36.44 10.55
000015 928.16 230.03 29.55 13.01
000015 171.18 62.11 37.55 10.24
000015 171.54 87.73 39.19 9.81
000015 790.96 124.51 10.04 38.30
000015 452.26 116.07 37.54 10.24
000015 673.39 179.35 5.20 73.92
000015 439.16 96.62 39.63 9.70
000015 711.43 121.86 4.88 78.72
000015 710.06 159.62 5.19 74.08
000015 309.38 73.20 38.75 9.92
000015 178.97 67.59 37.73 10.19
000015 611.16 53.82 7.95 48.34
000015 478.09 71.43 33.74 11.39
000015 321.02 113.01 39.53 9.72
000015 278.52 80.86 39.01 9.85
000015 569.61 71.87 20.27 18.97
000015 394.43 233.06 27.73 13.86
000015 728.16 99.17 5.25 73.23
000015 469.81 145.09 34.95 11.00
000015 182.28 57.79 37.95 10.13
